70
     0   450   355   485   145   650   660   390   605   325   585   125   410   535   125    55   270   360   610   105   725   180   305   340   780   145   710   445   260   720   435   375   650   290   780   445   620   545   165   670   695    35   495   220   600   395   635   420   480   180   295   240   685   780   500   715   785   520   640   325   390    55   645   285   680   795   390   290    45   735
   450     0   565   355   775   580   530   415   705    50   380   250   160   125   725    60   770   560    10     5   685   375   670   180   645   200   800   755   445   735   510   625   455   155   725   415   800   305   165   585   255    95   715   555   755   335   655   645   290   735   235   135   365   195     5   495   530   530   545   685    30   545   460   555   720   215    55   255   635   400
   355   565     0   350   135   215   550   655   565   465   800   370   395   220   525   330   240   485   635   780   620   480   360   125   170   565   765   510   715   175   550   255    25   660   350    75   750   315   475   195   525   295   385   325   270   215   615   195   770   740   220   180   205   200   195   345   665   495   160   650   790   120   685   195   335   260   350   265    80   540
   485   355   350     0    40   165   400   225   340   480    40   710   690    70   145    15   475   570   610   175   775   390    50   145   275   705    35   285   515   665    40   635    45   240   220   735   485   405   590    90   710   425     5   135   210    35   550    25   400   385   225   475   230   740     5   455   295   300    20   550   445   615   635   200   160   295   580   105   345    15
   145   775   135    40     0    60   570   645   730   730   505   110    50   625   595   505   585   165   640   780   340   200   385   540   685   760   105   560    65    85   105   415   390   360   640   425   540   390   270   210   780   215   635   400   260   495    10    55   740   725   670   735   545   625   555   160   365   635     5   445   350    50   355   675   495   595   750   265   600   700
   650   580   215   165    60     0   350   420   525   380   150   185   330    15   605    50   350   435   490   350    65   230    60   585   280   525   390   310   265    85   300   305   390   640   555   680   410   685   375   215   505   455   435   315   340   110   235    10   750   490   715   340   325   445   480   410   470   110   610   525   285   255   220   120   270   670   190    60   400   100
   660   530   550   400   570   350     0   325    75   580   275   455   525   525   565   245    70   510   215   720   245   575   265   295   475   725   215   760   595     5   685   560   450   275   270    65   370   530   460   325   750   290   760    25   355   565   565   410   490   600   645   270   455   685   475   410   685   550    90   405    20   355   730    40   760   145   300   165    80   350
   390   415   655   225   645   420   325     0   225    85   400   195   280   450   440   340   310   305   225   145   105    15   605   405   580   610   220   155    55   345   565   785   445    40   470   225   435   355    95   305   615   735   555   780   105   520   310   450   160   320   275   290   300    95   405   655   275   400    95   465   415   285   695   280   370   195   620   220   425   425
   605   705   565   340   730   525    75   225     0   700   755    40   785   510    60   170   290   345   610   735   505   765   605   425   685   655   110   610   495   320   675    35    80   760   320   430   725   275   535   585   180   445   365   490   440   415   230   705   750   645   780   420    95   525   155   690   755    85   240   640   355   395    25   460   460   595    65   630   155   425
   325    50   465   480   730   380   580    85   700     0   740   790   785   245   605   170   690   530    85   465   775   680   605   565   200    35   370    95   130   340   535   780   225   430   745   135   635    85   710   420   780   605   580     5   165   210    65   590   660   275   110   535   665   540   115   305   545   415   785   215   695   300   110    70   595   300   305   245   240   210
   585   380   800    40   505   150   275   400   755   740     0   375   795   310   755   135   745   605   690   485    90   365   525    50    20   235   750   415   705   305   710   430   715    85   170   565   290     5   310   260   315   150   170   475   480   140   750    45   165   410   610   120   745   340    50   540   225   625   775   555   400    80   235   435    10   230   475   140   140   545
   125   250   370   710   110   185   455   195    40   790   375     0   460   445   775   505   260   420   695   800   675   280   600   755   535   385   230   480   270   770   355   770   545   565   770   755   670   125   665   375   240   420   670   435   210   285   150   285   155   670   310    10   250   670   230   630   430   125   425   230   575   590   360   150   110   220   510   645   535   230
   410   160   395   690    50   330   525   280   785   785   795   460     0   115   200   555    60   400   790   725   465   615   600   560   545   230   470   500   655    15   175   795   655   510   550   650   225   535    25   440   425   700   155   750   785   265   500   425   370   290   270    70   315   195   390   565   110   665   745   665   390   530   370   335    30   745    35   385   310   430
   535   125   220    70   625    15   525   450   510   245   310   445   115     0   800   725    15   625   390   315   660   700   800   160   700   250   330   655   295   345    75   535   590   245   275   590   790   560    75   380   510   425   115   225   790   640   750   280   170   545   285   355   730   670   315   590   235   235   240    20   735   550   190   400   635   305   175   580   620   555
   125   725   525   145   595   605   565   440    60   605   755   775   200   800     0   500   610   410   265     5   465   140   160   125   405    15   380    40   355   135   460   655    70   190   200   285   330    95   330   545   435   290   530   545   110   355   750   460   465   615   200   560   240   460   510   320   200   750   360   430   510   535   355   140   560   740   300   515   715   390
    55    60   330    15   505    50   245   340   170   170   135   505   555   725   500     0   505   375    90    95    90   360   755   510   745    55   250   760    10   135   605   670   485   415   755   595   565   600   700   775   790   735   230    50   660   145    30   620   435   270   465   685   515   340   440   150   190   165   210   755   515   665   315   135   595   700   285   145   800   770
   270   770   240   475   585   350    70   310   290   690   745   260    60    15   610   505     0   125   745   340   180   110   210   440    70   480    25   365   270   755   245   345   530   305   110    80   245   660   505   165   785   355   670   435    25    10   630   360   235   695   525   230   520   215   140   295   435   745   600   120     5   105   735   540    95   770   100   395   290   380
   360   560   485   570   165   435   510   305   345   530   605   420   400   625   410   375   125     0    50   265   215   200   760    30   725   295   535   765    80   550   330    90   395   370   705   530   225   530   520   720   710   270   345   645   740   695   400   470   740   135   300   210   665    60   225   445   500   330   210   335   310    80   110   490   525   675   400   250   140    40
   610    10   635   610   640   490   215   225   610    85   690   695   790   390   265    90   745    50     0   185   295   455   460   625   475    90   515    60   295   230   595    55   610   195   185    10   110   170   175   725   225    80   630   535   495   280   555   190   250   290   175   545   590    10   285   195   745   615   305   550   560   475   770   630   435    80   710   210   375   265
   105     5   780   175   780   350   720   145   735   465   485   800   725   315     5    95   340   265   185     0   610   645   645   705    70   535   405   270   475   285   170   210    80   125   260   480   125    55    10   620   550   100   580   130   100   545   120    50   110    15   155    60    35   250   415   315   800   355   125   625   595    75   380   235   330   345   700   570    15    20
   725   685   620   775   340    65   245   105   505   775    90   675   465   660   465    90   180   215   295   610     0   190   480   745   270   355    80   575   580   630   755    40   645   375   225    40   635   720   625   670   280   155   305   210    20   235   195   165   280   430   100   155   395   330   590   240   650   735   615   270   580    30   495    90    45    45    25   765   425   610
   180   375   480   390   200   230   575    15   765   680   365   280   615   700   140   360   110   200   455   645   190     0   475   595   260   680   395    95   650   535   310   580   335    45   470   240   330   470   255   120   795    90   270    35   740   300   795   435   455   155   175   390   180   750   225   765   655   280    20   275   310    75   780   155   135   410   410    45   295   470
   305   670   360    50   385    60   265   605   605   605   525   600   600   800   160   755   210   760   460   645   480   475     0   800   350   560    15   125   720    40    25   460   275   180   725   550   300   325   165   195   710   740   630   195   470   165   105   555   730   605   660   185   310   335   750    85   430   500   225   160   330   295   130   715   355   540   170   380    40   400
   340   180   125   145   540   585   295   405   425   565    50   755   560   160   125   510   440    30   625   705   745   595   800     0   220   550   600   315   450   590   490   465    60   300    30   325   530   465   785   355   625   460    20   410   330   180   185   355   740   260   230   295   400   655   190    20   245   240   665   110   655   690   445    15   410   575   560   715   565   750
   780   645   170   275   685   280   475   580   685   200    20   535   545   700   405   745    70   725   475    70   270   260   350   220     0    10   660    30   415   525   605   225   485   715   515   630   395   325   705   570   665    10    80   435   685   215   625   515   585   720   615   170    35   125   575   105   180   365   375    75   410    65   135   600   270   245   660   790   780   465
   145   200   565   705   760   525   725   610   655    35   235   385   230   250    15    55   480   295    90   535   355   680   560   550    10     0   190   235   540   460   160   770   270   120   265    95   620   635   470    65   155   625   285   675   110   560   155   320   275   740   675   505   695   175    55   545   430   415   205   685   660    15   380   760   370   680   430   350    20   405
   710   800   765    35   105   390   215   220   110   370   750   230   470   330   380   250    25   535   515   405    80   395    15   600   660   190     0   705   730   230   110     5   255   425   665   540   735   605   135   775   280   480   590   700   270   375   135   375   370   105   515   720   345   145   240    50    50    25   445   455   245   605   540   755   390   415   635   460   615   740
   445   755   510   285   560   310   760   155   610    95   415   480   500   655    40   760   365   765    60   270   575    95   125   315    30   235   705     0   170   490   375   495   165   545    15   185   735   615   430    55   160    10   775   670   360   795   640   395   105   170   665   260   595   130   590    45   575   100   790   475   220   350   745   410    55   530   360   120   625   430
   260   445   715   515    65   265   595    55   495   130   705   270   655   295   355    10   270    80   295   475   580   650   720   450   415   540   730   170     0    75   725   695    50   515   715   280   535   365   360    15   690   755   385   460   795   325   180   695   555   140    10   140   170   725   570   110   345   530   260   480   170   155   170   575   205   220   390   180   285   515
   720   735   175   665    85    85     5   345   320   340   305   770    15   345   135   135   755   550   230   285   630   535    40   590   525   460   230   490    75     0   600   395   495   260   245   115   680   235   730    95   495   230   410   435    45   350   175   735   555    95   290   245   245   450   640   380   635   340   595   290   760   605    20   605   730   280    60   685    80   440
   435   510   550    40   105   300   685   565   675   535   710   355   175    75   460   605   245   330   595   170   755   310    25   490   605   160   110   375   725   600     0   735   420    45   355   555   210   720   370   190   160   680   595   530    90   670   365   525   725    90   485    15    75   725   440   520   190   500    65   520   145   500   780   540   270   370    20   420   795   580
   375   625   255   635   415   305   560   785    35   780   430   770   795   535   655   670   345    90    55   210    40   580   460   465   225   770     5   495   695   395   735     0   320   475   460   410   120   235   405   115   330   475   650   380   540   610   150   500   620   340   355   395   175   670   405    85   295   660   100   520   590   570    85   770   340   450    80   390   125   250
   650   455    25    45   390   390   450   445    80   225   715   545   655   590    70   485   530   395   610    80   645   335   275    60   485   270   255   165    50   495   420   320     0   105   275   535   415   640   465    55   200   730   715   795   260   790   495   525   485   640   490   305   140    50   125   310    15   775   255   765    25   320   225   290   625   360    50    40   425   615
   290   155   660   240   360   640   275    40   760   430    85   565   510   245   190   415   305   370   195   125   375    45   180   300   715   120   425   545   515   260    45   475   105     0   495   750   630   605   265   420   520   410   530   190   790    70   335   790   390   490    10   615   595   175   320   215    65   180   390   415   675   335   325   765   270   110   560   740   395   405
   780   725   350   220   640   555   270   470   320   745   170   770   550   275   200   755   110   705   185   260   225   470   725    30   515   265   665    15   715   245   355   460   275   495     0     5   155   625   490   635   675   550    70   645   110   460   460    15   750   495   535   340   565   380   330   795   390    95   690   275   255   305   700   430    25   200   580   350   210   155
   445   415    75   735   425   680    65   225   430   135   565   755   650   590   285   595    80   530    10   480    40   240   550   325   630    95   540   185   280   115   555   410   535   750     5     0   175   400    30   300   290   220   215   600   110   645   245   275   530    35   620   555   745    50   550   585   680   445   675    40   610   545   700   265   415   365   145   680    40   420
   620   800   750   485   540   410   370   435   725   635   290   670   225   790   330   565   245   225   110   125   635   330   300   530   395   620   735   735   535   680   210   120   415   630   155   175     0   190   725   435    80   690    35   115   175   625   290    25   670   295   635   705   545   440   720    80    75    30   260   135   800   335   605   555   620   730   250   165    60   470
   545   305   315   405   390   685   530   355   275    85     5   125   535   560    95   600   660   530   170    55   720   470   325   465   325   635   605   615   365   235   720   235   640   605   625   400   190     0   435   520   480   365   135   615   790   115   665   705    60   385   595   590   655   430   450   280   445    20   590   670   670    30   730    80   685   420    15   105   475   580
   165   165   475   590   270   375   460    95   535   710   310   665    25    75   330   700   505   520   175    10   625   255   165   785   705   470   135   430   360   730   370   405   465   265   490    30   725   435     0    30   145   190   575   620   475   700   365   790   210   555   480   225   225   550   650    65   300   645   770   795   345   350   275   365   620   605   795   165   305   570
   670   585   195    90   210   215   325   305   585   420   260   375   440   380   545   775   165   720   725   620   670   120   195   355   570    65   775    55    15    95   190   115    55   420   635   300   435   520    30     0   135   260   650   180   265   370   285    60   405   220   455    25   495   340   520   245   235   345   445   100   105   185    90    75   155   550   435   420   755   515
   695   255   525   710   780   505   750   615   180   780   315   240   425   510   435   790   785   710   225   550   280   795   710   625   665   155   280   160   690   495   160   330   200   520   675   290    80   480   145   135     0   575   340   200   750   645   610    50   730   525   760   440   245    75   340   295   685   790    45   290   800   335   305    85   475   120   305   750   565   195
    35    95   295   425   215   455   290   735   445   605   150   420   700   425   290   735   355   270    80   100   155    90   740   460    10   625   480    10   755   230   680   475   730   410   550   220   690   365   190   260   575     0   595   265   300   395   165   235   235   345   385   750   670   235   770   580   695   420    45   770   540    55   785   240   760   140     5   705   685   270
   495   715   385     5   635   435   760   555   365   580   170   670   155   115   530   230   670   345   630   580   305   270   630    20    80   285   590   775   385   410   595   650   715   530    70   215    35   135   575   650   340   595     0    80   505   325   745   705   500   720   170   210     5    75   480   240   625   515   145   230   110   455   120   685    25   685   190   605    50   570
   220   555   325   135   400   315    25   780   490     5   475   435   750   225   545    50   435   645   535   130   210    35   195   410   435   675   700   670   460   435   530   380   795   190   645   600   115   615   620   180   200   265    80     0   150   800   415   435   220   305   410   415   380   125   175   520   485   150   695   425   780   230   760   490   625    55   475   720   410   430
   600   755   270   210   260   340   355   105   440   165   480   210   785   790   110   660    25   740   495   100    20   740   470   330   685   110   270   360   795    45    90   540   260   790   110   110   175   790   475   265   750   300   505   150     0   640   525   375   450   595   415   100   215   740   475   435   750   205   730   450   595   550   115   780   340    65    90   780   460   390
   395   335   215    35   495   110   565   520   415   210   140   285   265   640   355   145    10   695   280   545   235   300   165   180   215   560   375   795   325   350   670   610   790    70   460   645   625   115   700   370   645   395   325   800   640     0   520   175   560   200   510   770   585   780   610   425   360   515   250   355   535   660   260   530   405   130   245    85   700   545
   635   655   615   550    10   235   565   310   230    65   750   150   500   750   750    30   630   400   555   120   195   795   105   185   625   155   135   640   180   175   365   150   495   335   460   245   290   665   365   285   610   165   745   415   525   520     0   665   760   505   415   445   790   505   685   395    20   200   445    85   380   140   265    90   345   580   615   745   610   270
   420   645   195    25    55    10   410   450   705   590    45   285   425   280   460   620   360   470   190    50   165   435   555   355   515   320   375   395   695   735   525   500   525   790    15   275    25   705   790    60    50   235   705   435   375   175   665     0   705   425   215   135    40   140   745    90   670   125   685   480   160   640   630    80   140   485   265   215   635   495
   480   290   770   400   740   750   490   160   750   660   165   155   370   170   465   435   235   740   250   110   280   455   730   740   585   275   370   105   555   555   725   620   485   390   750   530   670    60   210   405   730   235   500   220   450   560   760   705     0   550   560   750   100   490   395   425   180   600   210   160   700    25    30   355    55   785   505   530   265   385
   180   735   740   385   725   490   600   320   645   275   410   670   290   545   615   270   695   135   290    15   430   155   605   260   720   740   105   170   140    95    90   340   640   490   495    35   295   385   555   220   525   345   720   305   595   200   505   425   550     0    15   165   690    55   250   665   490   735   710   200   770   365   715   375   470    10   585   335    95   480
   295   235   220   225   670   715   645   275   780   110   610   310   270   285   200   465   525   300   175   155   100   175   660   230   615   675   515   665    10   290   485   355   490    10   535   620   635   595   480   455   760   385   170   410   415   510   415   215   560    15     0     5   755   555   220   605   530   230   430    50   545   740   375   300   735    10   745   555   660   690
   240   135   180   475   735   340   270   290   420   535   120    10    70   355   560   685   230   210   545    60   155   390   185   295   170   505   720   260   140   245    15   395   305   615   340   555   705   590   225    25   440   750   210   415   100   770   445   135   750   165     5     0    90   565   445   420   255   130   260   540   420   490   610   135   400   615   245   675   545   265
   685   365   205   230   545   325   455   300    95   665   745   250   315   730   240   515   520   665   590    35   395   180   310   400    35   695   345   595   170   245    75   175   140   595   565   745   545   655   225   495   245   670     5   380   215   585   790    40   100   690   755    90     0   435   675   195    20   490   435   185   740   750   395   560   415   230    10   235   535   125
   780   195   200   740   625   445   685    95   525   540   340   670   195   670   460   340   215    60    10   250   330   750   335   655   125   175   145   130   725   450   725   670    50   175   380    50   440   430   550   340    75   235    75   125   740   780   505   140   490    55   555   565   435     0   185   705   485   520    60   175   625   505    60   530   420   760    20   585   320   550
   500     5   195     5   555   480   475   405   155   115    50   230   390   315   510   440   140   225   285   415   590   225   750   190   575    55   240   590   570   640   440   405   125   320   330   550   720   450   650   520   340   770   480   175   475   610   685   745   395   250   220   445   675   185     0    60   610    45   515   405   425   595   220   195   610   770   135   305    80   750
   715   495   345   455   160   410   410   655   690   305   540   630   565   590   320   150   295   445   195   315   240   765    85    20   105   545    50    45   110   380   520    85   310   215   795   585    80   280    65   245   295   580   240   520   435   425   395    90   425   665   605   420   195   705    60     0   645   585   640   460   290   130   710   725   610   290   400   530   235   115
   785   530   665   295   365   470   685   275   755   545   225   430   110   235   200   190   435   500   745   800   650   655   430   245   180   430    50   575   345   635   190   295    15    65   390   680    75   445   300   235   685   695   625   485   750   360    20   670   180   490   530   255    20   485   610   645     0   250   280   115   175   445    45   335   570   705   485   375   655   260
   520   530   495   300   635   110   550   400    85   415   625   125   665   235   750   165   745   330   615   355   735   280   500   240   365   415    25   100   530   340   500   660   775   180    95   445    30    20   645   345   790   420   515   150   205   515   200   125   600   735   230   130   490   520    45   585   250     0   305   115   525    25   190   785   755   785    55   160   340   430
   640   545   160    20     5   610    90    95   240   785   775   425   745   240   360   210   600   210   305   125   615    20   225   665   375   205   445   790   260   595    65   100   255   390   690   675   260   590   770   445    45    45   145   695   730   250   445   685   210   710   430   260   435    60   515   640   280   305     0   375   505   405   635   570   460   130   505   745   790   580
   325   685   650   550   445   525   405   465   640   215   555   230   665    20   430   755   120   335   550   625   270   275   160   110    75   685   455   475   480   290   520   520   765   415   275    40   135   670   795   100   290   770   230   425   450   355    85   480   160   200    50   540   185   175   405   460   115   115   375     0   155   690   105   595    40   520    50   740   140    75
   390    30   790   445   350   285    20   415   355   695   400   575   390   735   510   515     5   310   560   595   580   310   330   655   410   660   245   220   170   760   145   590    25   675   255   610   800   670   345   105   800   540   110   780   595   535   380   160   700   770   545   420   740   625   425   290   175   525   505   155     0   245   540   165   780    35   395   515   325    50
    55   545   120   615    50   255   355   285   395   300    80   590   530   550   535   665   105    80   475    75    30    75   295   690    65    15   605   350   155   605   500   570   320   335   305   545   335    30   350   185   335    55   455   230   550   660   140   640    25   365   740   490   750   505   595   130   445    25   405   690   245     0   505   175   505   320   640   705   625   565
   645   460   685   635   355   220   730   695    25   110   235   360   370   190   355   315   735   110   770   380   495   780   130   445   135   380   540   745   170    20   780    85   225   325   700   700   605   730   275    90   305   785   120   760   115   260   265   630    30   715   375   610   395    60   220   710    45   190   635   105   540   505     0   340   520    65   305   355   330   220
   285   555   195   200   675   120    40   280   460    70   435   150   335   400   140   135   540   490   630   235    90   155   715    15   600   760   755   410   575   605   540   770   290   765   430   265   555    80   365    75    85   240   685   490   780   530    90    80   355   375   300   135   560   530   195   725   335   785   570   595   165   175   340     0   190   595   705   620    30   445
   680   720   335   160   495   270   760   370   460   595    10   110    30   635   560   595    95   525   435   330    45   135   355   410   270   370   390    55   205   730   270   340   625   270    25   415   620   685   620   155   475   760    25   625   340   405   345   140    55   470   735   400   415   420   610   610   570   755   460    40   780   505   520   190     0   475   200   320   650   245
   795   215   260   295   595   670   145   195   595   300   230   220   745   305   740   700   770   675    80   345    45   410   540   575   245   680   415   530   220   280   370   450   360   110   200   365   730   420   605   550   120   140   685    55    65   130   580   485   785    10    10   615   230   760   770   290   705   785   130   520    35   320    65   595   475     0   395   630   360   670
   390    55   350   580   750   190   300   620    65   305   475   510    35   175   300   285   100   400   710   700    25   410   170   560   660   430   635   360   390    60    20    80    50   560   580   145   250    15   795   435   305     5   190   475    90   245   615   265   505   585   745   245    10    20   135   400   485    55   505    50   395   640   305   705   200   395     0   545    70   785
   290   255   265   105   265    60   165   220   630   245   140   645   385   580   515   145   395   250   210   570   765    45   380   715   790   350   460   120   180   685   420   390    40   740   350   680   165   105   165   420   750   705   605   720   780    85   745   215   530   335   555   675   235   585   305   530   375   160   745   740   515   705   355   620   320   630   545     0   455   170
    45   635    80   345   600   400    80   425   155   240   140   535   310   620   715   800   290   140   375    15   425   295    40   565   780    20   615   625   285    80   795   125   425   395   210    40    60   475   305   755   565   685    50   410   460   700   610   635   265    95   660   545   535   320    80   235   655   340   790   140   325   625   330    30   650   360    70   455     0    80
   735   400   540    15   700   100   350   425   425   210   545   230   430   555   390   770   380    40   265    20   610   470   400   750   465   405   740   430   515   440   580   250   615   405   155   420   470   580   570   515   195   270   570   430   390   545   270   495   385   480   690   265   125   550   750   115   260   430   580    75    50   565   220   445   245   670   785   170    80     0
