110
     0   540   140   260   220   185   565   250   780   690   500   705   250   505   510   245   470    90   640   705   520    45   755    50   200   305   335   135   755   105   605   515   250    95   765   660   125   315   375   595   705   780   580   500   675   305   720   635   730   340    60   730   495   605   465   800   135   570   135    65   510   445   620    45    40   470   610   150   430   460   485    35   220   145   425   590   735    25   660   680   380   300    65   140   540   475   535   365   635   365   720    60   510   650   260   430   695   430   635   470   710   355    75   745   335   425   555    45   275   635
   540     0    10    45   220   290   625   155   330   560   665   440   730   735   495   730   720   280   800   715   295   630   265   130   595   510   480   195   230   640   470   245   240   185   405   455    60   135   410   435   410   100   125   330   555   625   510   470   780   425   235   160   175   355   455   735   255   225   500   180   140    15   415     5   445   445    60   320   620   460   325   420   315    55   625   615   455   495   475   495   195   635   565   595   115     5   595   650   455    45   260   750   685   550   135   545    65   450   370   535   350    25   355   375    10   475   245   665   735   215
   140    10     0   240    75   585   575   500   305   505   415   525   700   265   450    25   180   630   235    50   560   515   520   710   135   535   310   555   245   520   290   735   315   545   605   160   545   635   585   145    85   655   785   605   730   490   370    40   480   630   655   180   590   545   780   330    45   255   255   395    45    80   195   630   700   500   270   220    30   700   200   790   105   430   305   630   735   290   730   100    30   725   745   475    50   710   680   455   370    55   310   595   420   400   665    15   215   115    30   235   720   135   795   110   375   300   530   700   240   220
   260    45   240     0    65   150   610   730   520   415   565    40   715   540   135   405   430   500   775   460   465   750    50   530    80   490   645    30   420   240   530   480    50   715   765   145    60   795   345   610   740   700   775   240   570   725   700   665    30   725   505   460   595   410   695   115   530   475   415   200   780   735   525    90   415   385    55   315   645   630   100   330   640   205   470    30   550   665   560   285   395   230   215   615   470   435   795   620   470   635   440    65   380   680   325   190   435   300   610   620   280   775   285   155    75   255   770   515   170   270
   220   220    75    65     0   275   720   405   450   635   285   180   660    65    70   250   685   380   260   370   540   460   675    65   210   555   350   260    40   250   345   495   195   680   710   745   455   245   620   410   495   550    70   575   240   190   255   230   205   100   535   225   200   460    45   660    30   215   245   530   505   570   225   800   245   405   110   720   195    55   295   795   170   235   405   505   315   545   105    60    40   445   715   470   430   520   330   210   490   510   610   190   235    20   235   285   520   490   605   710   720    65   425    40   640   255   190   215   115   160
   185   290   585   150   275     0   670   600   600   215    95    40   225   530   505   460   165   330   230   670   610   695   335   595    60   770   550   210   590   385   700   260   450   200   110   195   295   555    35   555   210   690   440   370   125   205   315   775   420   100   735   370   725   235   630    45   175   625   560   730   490   440   605   705   720   685   550   330    40   195    15   310   730   245   695   120   250   335   170   615   195   710   240   155   580   770   725   565   655   695   715   185   505   200   355   630   575   200   595   730   675   780   115   690   610   610   370   310    90   365
   565   625   575   610   720   670     0   120   235   305   740   155   525   320   155    30   645   255   600   475   240   655   715   475   655   445   655    35   680    95   125   585   165   595   695   170   585   495   415   770   150   165   530   595   300   785    30   265   525    35   110   195   690   735    10   200   490   790   785   500   760   300   185   455   450   225   700   680   520   580   215   100   125   535   270   495   625   590   590    50   185   375   720   440    50   640   620   410    25   785   195   725   360    55    80   295   415   305     5   575   280   530   140   500   340   545   145   710   130    80
   250   155   500   730   405   600   120     0   610   720   200   480    65   215   680   550   390   290   175   185   615   320   660   425    85    40   755   495   795   385   790   460   190    95   105   595   115   150   320   270   370    85   140   515   635   300   250   720   580   330   150    45   760   340   480   415   720   150    75    50    40   550   385   745   330   700   570   755   385   350   410   420   380   770   685   245   580   685   250   130    65   600   430   365   635   180   250   590   370   325   205   465   650    45   120   395   715   255   230    55    50   465   670   280   280    35   315   695    25   140
   780   330   305   520   450   600   235   610     0   665    15   375   670   725   410   675   455   620   255    90   560   595   320   280    45   300   295   230   735   530   345   505   485   785   615   580   705    10   460   780   430    55   455   185   355    80   105   645   205   400   420    20   705   370   785   460   700   195    95   125    50   165   695   620   750    65    60   785   420   635   250    95   390   335   735   130   165   125   770   600   170   535   180   360   755   470   120   505   150    70   175   425   535   370   175   180   715   245   205   720   100   535   265   265   665   445   520   680   480   265
   690   560   505   415   635   215   305   720   665     0   170   505   215   785   130   640   740   375   495   330   780   525   620   335   120   400   680   545   360   400   125   560   165   545   100   480   620   465   550   345   225   785   775   585   580   520    70   425   685   170   665   170   385   240   280   745    25   580   305   475   265   695   685   440    35   430   665   455   180   260    55   300   210   210   380    80    55   655    55   240   635   370   730   445   345   320    55   575   580   595   555   210    10   285   720   595   240   150   135    65   350   220   190   120   380   585   315   125   115   725
   500   665   415   565   285    95   740   200    15   170     0   285   130   700   645   590   395   325   695   145   745   660   550   380   715   790    30   660   530   360   460   640   510   635    50   315   340   535   510   710   490   495   705   615   605    95   165    95   675   310   365    60    25   770   130   750   190    65   540    70    50   560     5   130   220   255   575   460   415   465     5   285   440    75   220   475     5    25   305   135   245   220   250   470   435   635   300   605   525   445   685   345   460   615   435   790    85   245   305   380   180   260   185    20    15   630    15   725   160   490
   705   440   525    40   180    40   155   480   375   505   285     0   420   570   285   610   405   615   295   745   725   445   420   145   490   585   705   380   605   145    20   105   690   640   155   140   545   320   750   385   325   155   270   355   115   785   355   645   655   190   515   210   100   330    55    90   425   170    25   800   600   790   765   380   795   685   250   765    95    95     5   245   300   100   570   770   260   635   540    90   580   710     5    85   300   735   800   140   140    85   485   330   205   165   155   710   510   500   530   145   505   705   145   520   710   205   470   390   675    45
   250   730   700   715   660   225   525    65   670   215   130   420     0   595   445   345   625   320   290   530   320   145    45   200   725   790   390   120   410   795   615   775   745   190    80   330   105   605   280   360   160   590   165   615   195   495   280   580    95   145   160   290   325   185   540   770   350   645   640   800   170   265   610   610   770   460   490   295   275   480   425   390   525    35   155   745   470    15   235    40   640   570   430   470   170   335   415   675   530   385   685   390   220   585   780   305   195   195    20   790   645   455   315   525   795   575    85   360   555   270
   505   735   265   540    65   530   320   215   725   785   700   570   595     0   740   510   750   345   245   715    15   120   770   575   250   665   650   730   515   505    95   740   500   210   765    40    20    75   415   705   325   450   480    65   315   285   200    90    90   215   215   750   150   410   120   740   745   110   700    10   580   705   310   200    90   680   530   625   290   150    10    70   265   245   410   310   750   130   625   145   645   450   380   290   300   310   210   780   530   405   160    85   715   295   365    55   685   225   730    50   495   455   535   270    35   230   745   640   265   590
   510   495   450   135    70   505   155   680   410   130   645   285   445   740     0   455    15   345    25   630   785   555   625   480   230   600   560   355   340   125   435   160   600   575   565   590   530   715   395   275   775   100   170   125   650    55   395   480   295   555   690   725   765   725    10    35   700   360   355   265   755   575   755   425    20   660   230   695   690   445   370   685   280   195    45   110   465   725   620   565   340   770   605   295   445   180   205   590   255   340   600   285   360    30   585   500   105   175   250    25   165    55     5   510   645   320   215   230   575   160
   245   730    25   405   250   460    30   550   675   640   590   610   345   510   455     0   465   200   750   455   705   795   760   385   100    55   310   450   740   750   660   150   315   735   430   365   230   500   150   745   575   670   400   775   675    95   750   555   250   690   760   550   455   120   790   655   730   550   245   590   225   495   240   415   595   600   325   130    20    85   750   495   510    10   175    65   130    75   110    60   220    35   600   760   180   485   350   140   160   155   745   395   640   150   185   680   400   790   140   765   310   360   290   120   655   150   670   330   340   430
   470   720   180   430   685   165   645   390   455   740   395   405   625   750    15   465     0   345     5   535   210   475   290   440   625   450   245   370   740   710   705   780   605    15   795   365   420    75   630   575   440   600   550   490    70   305   325   550   325   445   495   335   680   445   655   255   690   175    95    70   125   645   775   160   625    25    95   150   745   440    25   705   765   390   350   500   185   565   785   135   505   515   510   790   310   210   370    95   290   630   245   585   520   675   420   310   500   485   430   585   305   100   295   650   720   280    15    25   680   755
    90   280   630   500   380   330   255   290   620   375   325   615   320   345   345   200   345     0   615   775   395   445   525   780   725    25   460   585   125    40   430    35   400   170   385   525    40   690    35   515   410   465   705   150   165   110   660   590   715   130   340   505   480   240   630   310   790   165   625   680   370   545   640   190   605   740   800   710   405     5    15    80   630   445   580   185    15   100   510    15   755   800   305   720   475   670   390    50   370   255   730   720   525   200   190   440   315   605   315   215   280   750   300   390   195   425   170   240   430   410
   640   800   235   775   260   230   600   175   255   495   695   295   290   245    25   750     5   615     0   400   730   585   720   645   360   190    55   230   350   365   785   745   480   470    95   320   755   175   140   280   500   350   335   230   725   550    85    70    15   740   295   340   465   150    20   530   370   160   160   555   600   435   425   330   450   585   235   630    65   380   320   730   345   760   325   195   700   400   340   445   200   210   170   465   670   685   520   790   785   550   630   280   625    40   285   290   105   790   335   330   630   350   465   525    30   325   770   480   750   750
   705   715    50   460   370   670   475   185    90   330   145   745   530   715   630   455   535   775   400     0   605   435   660    10   600    85    40   150   380    10   690   380   120   200    50   165   375   370   285   355   265   460   795   575   290   460   305   300   340   595   290   505   685   100   140   765   785   205   230   675   645   300   295   220   210   800    40   545   405    95   370   575   770   425   750   795   375   295    75   680   335   610   445   385   215   110    65   680   270   540    85   470    95   200   335   575   700   655   190   280   770   245   125   600   230   265     5   455   360   130
   520   295   560   465   540   610   240   615   560   780   745   725   320    15   785   705   210   395   730   605     0   565   440   205   315   200   470    45   485    35   690   275    90   475   505   630   590   635   520   730   485   590   575   555   740   780   265    80   650   550   140   385   755   115   530   160   505   500   355   530   360   685   570   345   500   515   715   795   585   405    40    90   690   735   540   370   770    65   310    15   475   455    10   475   290    25   785   110   445   695   550    30   355   355   615   800   210   710    40   270   585   400   440   180   100   390   700   515   360   110
    45   630   515   750   460   695   655   320   595   525   660   445   145   120   555   795   475   445   585   435   565     0   115   790   780   345   605   450   610   785    35   285   385   140   285   715    60    75   165   495   220   600   245   615   205   540   110   755   360   290   140   400   365    55   715   730   630   380   640   705   540    60   100   345   630   475   380    30   145   750   475   410   175   765   290   370   665   635   355   500   765   535   215   580   450   780   245   400   230    60    90    65   800   480   635   690   665   750    30   115   585   700   300   175   465    25    35   750   325   630
   755   265   520    50   675   335   715   660   320   620   550   420    45   770   625   760   290   525   720   660   440   115     0   195   490   715   505   740   800   125    20   730   120    75   575   145   130   385   760   595   540    60   245   750   690   715   475   135   145   600   760   530   440   480   190   660   635   475   350   440   285   800   295   775    20   625   355   505   255   740   180   300   250    35   485   670   475   295   115    95   785   435    70   205   170   255   725   420   130   115    55   685   780   745   330   725   390   380   135    70   510   250   375   170     5   640   295    15   575   175
    50   130   710   530    65   595   475   425   280   335   380   145   200   575   480   385   440   780   645    10   205   790   195     0   555   200   215   110   280   605   715   570   200   365   745   495   210   505   560   325   155   250   555   505   200    35   430   145   420   700   495   220   685   130   210   540   185   665   260   395   615   595   510   200   590   275   245   105    10   740   730   310   565   540   105   165   725   715   305   205   485   505    20   660   415   730    95   760   745    80   335   260   680   760   585   550   515   255   590   130   610    75   775   490   720   160   795   195   180   325
   200   595   135    80   210    60   655    85    45   120   715   490   725   250   230   100   625   725   360   600   315   780   490   555     0   625   675   330   325   620   200   695   550   785   150   175   255   605   295   485   310   445   310   535    15   655   280   575   770   410   535   345   680   525   405   295   550    80    40   700   525   490   340   405   135    75   550   115   425     5   345   180   530   405   485   165   110    20   755   560   445   240    35   685   480    15   750    10   515   635   425   235   505   345   440   155   600   175    85   720   660   710    75   565   140   670   585   625   615    50
   305   510   535   490   555   770   445    40   300   400   790   585   790   665   600    55   450    25   190    85   200   345   715   200   625     0   490   720   415   405   205   780   465   775    35   155   420   515   275   520   285   685   435   540   210   100    35   715   605   645   355    65   125   200    65   685   130   495   425   155   610   495   125   365   550   230   500   755   455   555   785   720   520   790   135   410   505   645   335    45   420   110   295   560   105   630    45   655   695   160   490   800    35   115   180   470   540   580   405   520    30   160   600   250   600   685    80   480   580   455
   335   480   310   645   350   550   655   755   295   680    30   705   390   650   560   310   245   460    55    40   470   605   505   215   675   490     0   190   730   765   415   570   640   160    90   495    20    35    95   655   305   185   295   140   620   265   255   580   470   625   290   150   460   390   340   255   780   210   455   285   250    10   535   710   340   690   760   305   165   145   250   685   425   665    90   495   455   210     5   230   660   720   800    10   590    70   510   645   665   455   210   630   140   220     5   320    25   685   165   690    45   180    40   605   560   740   730   645   800   645
   135   195   555    30   260   210    35   495   230   545   660   380   120   730   355   450   370   585   230   150    45   450   740   110   330   720   190     0   260    25   590   380   315   690    50   310   115    40   560   735   310   195   730   565   720   760   750   800   320   530   660   500   565   395   410   625    35   725   590   495   605   230   165   525   745   645   285   220   600   580   690   740   220   555   495    60   155   270   250   340    75   450   535    95   255   785   710    20   695   200   350   110   175   620    70   325   475   160   560   475   375   195   335   620    30   490    65   335   790   675
   755   230   245   420    40   590   680   795   735   360   530   605   410   515   340   740   740   125   350   380   485   610   800   280   325   415   730   260     0    45   585    95   390   695    15   660   630   155   735   550   715   575   390   670    75    25   270   390   185   445   545   670   720   355   320   355   250   360   775   370   400    20   155   720   315    85   280   145   200   515   785   740    45   725   155   795   265   185   755   650   740   575   705   695   290   110   645   545   350   760   765    30   225    55   665   320   465   275   780   485   535   695   340    60   700   560   675   545   565   720
   105   640   520   240   250   385    95   385   530   400   360   145   795   505   125   750   710    40   365    10    35   785   125   605   620   405   765    25    45     0   470   265   800   170   230   670   620   165   615   495   775   405   385   470   785   280   210   475   600    70   300    70   255   365   130    50   360   230   160   410    20   665   165   345   590   425   220   615   765    95    20   340    55   105    75   190   170   490   320   585   770   605    65   695   295   640   630   270   760   665   505   240   495   795   280   195     5   730   505   630   600   495   150   675   575   525   495   700   635   580
   605   470   290   530   345   700   125   790   345   125   460    20   615    95   435   660   705   430   785   690   690    35    20   715   200   205   415   590   585   470     0   330   800   500   285   150   260   205   755   715   795   765   700   130   120   520   635    60   200    10   190   205   730   295    35   525   655    70    10   295   335   335   375   375   440   430   410   625   235   445   460   165   445   175   440    60   690   170   195   305   230   605   260    90   645   205   405    35   500   310   250   270   750   375     5   585   320    20   515   355   475   495   365    40   580   595   325    45   760   705
   515   245   735   480   495   260   585   460   505   560   640   105   775   740   160   150   780    35   745   380   275   285   730   570   695   780   570   380    95   265   330     0   665   360   710   685   520   410    65   290   185   690   510   590   130   760   325   490   640   550     5   405   790    10    35    85   485    40   340   285   560   295   260   545   470   195   300   165   210   680   345   530   430   750   270   290   600   695    20   680   650   435   350   485   270   625    80   365   610   505     5    15   370   180   300   355    50   295   305   245   735   385   145   240   665   495   535   495   210   700
   250   240   315    50   195   450   165   190   485   165   510   690   745   500   600   315   605   400   480   120    90   385   120   200   550   465   640   315   390   800   800   665     0     5   295   475   740   370   340   525   615   305   365   520   590   510   630    30    85    35   130   670   450   140   755   435   665   255   190   565   420   230    25   125   630   420   335    90   510   105   465   150   400   270   170    85   125   700   580     5   650   200   710   675   285   255   125   315   245   660   225   685   160   285   280   470   370    35   305   440    55   175   620   505   650    20    10   320   170   475
    95   185   545   715   680   200   595    95   785   545   635   640   190   210   575   735    15   170   470   200   475   140    75   365   785   775   160   690   695   170   500   360     5     0   660   600   745   420   435   535   700   150   560   155   160   620   425     5   765   705   700   400   425    30   605   610   470   300   395   425   360   115   525   540   600   245   645   240   220   220   615   255   290   545    30   125   340   175   610   515   675   170   355   590    85   360   395   560   745   125    45   490   195   450   545   375   530   650   690   570   215   240   150   480   625    80   330   505   615   415
   765   405   605   765   710   110   695   105   615   100    50   155    80   765   565   430   795   385    95    50   505   285   575   745   150    35    90    50    15   230   285   710   295   660     0    40   355   630   795   680    50   615   580   605   165   260   480   785   365   400   780   615   785   165    30   130   580   625   520   275   525    40   695    85   760   305   110   255   720   625   155   140   715   620   635   175   155   520    90   405   550   130   300   650   730   130   595   445   155   555   240   510   190   395   610   500   200   525   265   100   530   760   675   120   550   535   410   350   310   675
   660   455   160   145   745   195   170   595   580   480   315   140   330    40   590   365   365   525   320   165   630   715   145   495   175   155   495   310   660   670   150   685   475   600    40     0   205   235   450   505   360   695   765   655   580   100    70   675   285   725   465    45   175   120   335   705    75   745   750   215    30   375   470   585   270    55   715   665   300   615   350   415   450   200   105   490   495   190   690    95   710   315   240   605   215   425   185    50   665    95   435   500     5   135    10   605   565   290   540    75   660   340    85    80    90   495   165   340   650   265
   125    60   545    60   455   295   585   115   705   620   340   545   105    20   530   230   420    40   755   375   590    60   130   210   255   420    20   115   630   620   260   520   740   745   355   205     0   220   660   170   525   465   455   255   120   105   675   380   190   625   550   130   115   535   530   520   150   660   495   750   530   200    40    30   575   195   120    40   650   675   185   600   230   275   265    55    65   400   305   335   500   535   510   275   600   560   470   710   770   690   260   535   725   550   800   400   220   555   800   170   335   130   200   315   275   745   365   425   405   650
   315   135   635   795   245   555   495   150    10   465   535   320   605    75   715   500    75   690   175   370   635    75   385   505   605   515    35    40   155   165   205   410   370   420   630   235   220     0   645    95   495   620   230   220   375   300   385   355   205   115   215   280   205    15   365   725   530   115   210   635   585   660   750   155   425   225   330   195   290   135     5   330   225   145   470   580   580   410   265   365   240   550   740   235   385   315   260   325   705   765     5   485   630   515    95   570    80   470   680   185   160    35   665    25   295   140   405   400   695   460
   375   410   585   345   620    35   415   320   460   550   510   750   280   415   395   150   630    35   140   285   520   165   760   560   295   275    95   560   735   615   755    65   340   435   795   450   660   645     0   140   730   535   405   660   235   705   430    75   390   260   435   770   295    25   595   260   535   400   690   600   320   415   470   410   590   585   160   365   415   120   630   135   400   210   500   370   205   430    75   450   685   585   435   540   690   445   730   450   690   365   130   190   490   350   490   190   750   565   545   315   520   360   795    75   375   555   755   510   495   515
   595   435   145   610   410   555   770   270   780   345   710   385   360   705   275   745   575   515   280   355   730   495   595   325   485   520   655   735   550   495   715   290   525   535   680   505   170    95   140     0   125   200   445   195   405   645   535    30   170   325   735   490   175   280   215   310   705   445   260   520   490    75   295   755   740   210   215   625   325   710   365   400   300   310   370   575   585   270   375   305    55   790   480   365   780   555   395   290   350   165   440   770   150   620   670   730   505   475   620   220    10   215   430   185   730    95   215   385   530   670
   705   410    85   740   495   210   150   370   430   225   490   325   160   325   775   575   440   410   500   265   485   220   540   155   310   285   305   310   715   775   795   185   615   700    50   360   525   495   730   125     0   510   650   460   395   645   355    40   790   600   465   270   475   725   675   695    85   630   325   250    25   570   675    40   200   765    90   770   280   705   225   575    40    90   690   340   455   590   770    50   100   105   645   130   425   570   795   490   235   445   435   725    60   790   725   755   540   585    75   110   650   680    85   605   260   195   675   340   530    30
   780   100   655   700   550   690   165    85    55   785   495   155   590   450   100   670   600   465   350   460   590   600    60   250   445   685   185   195   575   405   765   690   305   150   615   695   465   620   535   200   510     0   595   800   310   425   630   130   725   250   545   370   535   550   195   435   135   730   460   680   785   640   445   700   215   755   795   735    30   470   340    40   745   605    50   580   230   775   120   480   375   330   705   180   435   760   525    30   315   700   315   600   595   185   740   140   665   330   620   275   715   685   110   550   120   330   440   445   620   595
   580   125   785   775    70   440   530   140   455   775   705   270   165   480   170   400   550   705   335   795   575   245   245   555   310   435   295   730   390   385   700   510   365   560   580   765   455   230   405   445   650   595     0   730   375   325   760    80   450   255   760   500   375   705   590   475    85    20    70   365   155    65   265   185   270   445   775   185   325   795   370   790   400   795   435   110   275   585   335   740    60   305   455   610   590   305   725   155   715   210   335     5   440   280   520   750   475   210   720    15   185   575    80   575   195   335   235   125   250   510
   500   330   605   240   575   370   595   515   185   585   615   355   615    65   125   775   490   150   230   575   555   615   750   505   535   540   140   565   670   470   130   590   520   155   605   655   255   220   660   195   460   800   730     0    20   500   165   320   375   640   180   310   730   100    40   555   240   800   150   445   475   400   375   125   210   580   800   445   515   545   765   295   380   105    65   440   540   675   480    50   595   125    70    40    65   175   315   235   120   510    95   590   715   355   330   335   705   425   105   170   135   285   295   445   110   570   285   520   345   610
   675   555   730   570   240   125   300   635   355   580   605   115   195   315   650   675    70   165   725   290   740   205   690   200    15   210   620   720    75   785   120   130   590   160   165   580   120   375   235   405   395   310   375    20     0   195   155   125   795   780   740   365   165   305   595   725   690   780   125   100   160   210   585   180   480   140   465   370   710    10   295   135    65   725   345   440    70   475   330   495    35    40   370   660   560   440   165   515    40   580   340   415   730   600   770   610   355   365   410   190   355   120   420   325    45   295    80   490   180   465
   305   625   490   725   190   205   785   300    80   520    95   785   495   285    55    95   305   110   550   460   780   540   715    35   655   100   265   760    25   280   520   760   510   620   260   100   105   300   705   645   645   425   325   500   195     0   265   600   630   100   345   120    80   415   150   585    35   145   680   665   165   395   430   160   735   230   765   550   495   440   625   190    95   285    80   305   785   495   465   360   360   330   720   335   545    30   145    80   105   155   375   140   420   545   700   610   790   180   140   740   720   305   110   115    10   650   660   735   280   370
   720   510   370   700   255   315    30   250   105    70   165   355   280   200   395   750   325   660    85   305   265   110   475   430   280    35   255   750   270   210   635   325   630   425   480    70   675   385   430   535   355   630   760   165   155   265     0   520   540   785   495   745   745   800   215   760    90   700    90   720   510   485   375   415   440   555   455   165   305   505   415   105   665   675   260   130   690   255   220   690   645   210   720   105   690   660   365   105    70   140   585   390   410   740   175   110   355   180   190   225   115   145   300   790   690   590   475   195   195    20
   635   470    40   665   230   775   265   720   645   425    95   645   580    90   480   555   550   590    70   300    80   755   135   145   575   715   580   800   390   475    60   490    30     5   785   675   380   355    75    30    40   130    80   320   125   600   520     0   655   575   620   240   640   410    95   705   165   235   235   705   130   580   645   595   635   560   625   295   730   445   690   770   645   335   485   420   490   145   415   400   680   460   145   105   530   175   360   600   535   240   620   285    75   585   575    65   590    70   715   715   460   680   105   165    40   555   235   600   430   265
   730   780   480    30   205   420   525   580   205   685   675   655    95    90   295   250   325   715    15   340   650   360   145   420   770   605   470   320   185   600   200   640    85   765   365   285   190   205   390   170   790   725   450   375   795   630   540   655     0   740   665   420   100    75   540   570   785   770   325   150   315   710   480   505   770   195   255   230   735   650   785   140   645   295   450   235   575   265   545   670    35   775   110   110   525   265   785   535   735   120    85   755   590    20    90    90   230   695    90   460   740   785   725    45   330   250   340   735   230   460
   340   425   630   725   100   100    35   330   400   170   310   190   145   215   555   690   445   130   740   595   550   290   600   700   410   645   625   530   445    70    10   550    35   705   400   725   625   115   260   325   600   250   255   640   780   100   785   575   740     0   650   575   725    45   690    10   575   570   145   700   130   730   190   550   515   130   235   160   750   435   765   175   520   630   325   670   135   165   280   200   280   790   500   480   465   325   440   625   380    75   750    35   520   590    75   630   740   455   365   635   230   795   790   430   720   190   385   730   535   350
    60   235   655   505   535   735   110   150   420   665   365   515   160   215   690   760   495   340   295   290   140   140   760   495   535   355   290   660   545   300   190     5   130   700   780   465   550   215   435   735   465   545   760   180   740   345   495   620   665   650     0   685   320   375   360   260   700   710   275   765   250   750   130   765   705   410    15   625   290   680   350   485   305   580   255   760   680   625   240   700   305   640   655   800    40   190   345   680   310   100   735   150   475   650   210   790   355   185   150   560   705   620   210   790    40   280   540    50    45   455
   730   160   180   460   225   370   195    45    20   170    60   210   290   750   725   550   335   505   340   505   385   400   530   220   345    65   150   500   670    70   205   405   670   400   615    45   130   280   770   490   270   370   500   310   365   120   745   240   420   575   685     0   525   190   505   425   415   565   300   495   250    75   535    25   310    60   235   175   580   565   575   290   440   290   755   360    90   695    30   180   115   245   205   585   515   785   265   340   385   730   460   340   365   765   470   315   450   790   630    75   305   620   160   285   175     5   155   365   550   375
   495   175   590   595   200   725   690   760   705   385    25   100   325   150   765   455   680   480   465   685   755   365   440   685   680   125   460   565   720   255   730   790   450   425   785   175   115   205   295   175   475   535   375   730   165    80   745   640   100   725   320   525     0   105   645    65   100   700   550   410   495   670    10   420   310    50   575   625   575   100   260   695   545   195    25   215   600   345   765    70    15   495   175   605   570   330   195   425   635   620   300   350   790   720   590   180    60    75   210   125   295   545    85   710   375   430    65   115    30   220
   605   355   545   410   460   235   735   340   370   240   770   330   185   410   725   120   445   240   150   100   115    55   480   130   525   200   390   395   355   365   295    10   140    30   165   120   535    15    25   280   725   550   705   100   305   415   800   410    75    45   375   190   105     0   610   755    15    55   535   455   190   715   370   485   255   110   745   770   795   180   295   575    25   480   280   360   120   145   470   340   245   365   325   715   340   595   215   200   135   490   495   745   770   645   495   715   420   375   200   610   480     5   525   765   400   485   575    55   150   705
   465   455   780   695    45   630    10   480   785   280   130    55   540   120    10   790   655   630    20   140   530   715   190   210   405    65   340   410   320   130    35    35   755   605    30   335   530   365   595   215   675   195   590    40   595   150   215    95   540   690   360   505   645   610     0   630   755   245   690   655   665   350   435   735   480    10   220   110   570    35   350   545   445   145    70   150   300   745   560   135   620   335   570   270   445   800   535   715   290   350   590   800   385   270   485   620   310   165   310    55   350   555   410   575   245   565   735   565   110   535
   800   735   330   115   660    45   200   415   460   745   750    90   770   740    35   655   255   310   530   765   160   730   660   540   295   685   255   625   355    50   525    85   435   610   130   705   520   725   260   310   695   435   475   555   725   585   760   705   570    10   260   425    65   755   630     0   305   405   320   770    95   450   375   130   425   260   630    55   500   510    65   680   690   610   755   520   800   590    50    10   665   270   220    90   150   310   670   610   790   570   280   435   600   745   105   180   265   275   695   545    15   415   410   320   740   795   445   460   190   640
   135   255    45   530    30   175   490   720   700    25   190   425   350   745   700   730   690   790   370   785   505   630   635   185   550   130   780    35   250   360   655   485   665   470   580    75   150   530   535   705    85   135    85   240   690    35    90   165   785   575   700   415   100    15   755   305     0   195   460   500   365   605   455   625   590   775   615   455   480   475   770   355   555   190   620   130    65   250   260   145   200   795   490   390   200   780   575   560   140   380   645    90   640   695    80    55    50   365   705   280   350   105   525   430   585   110   720   370    85   325
   570   225   255   475   215   625   790   150   195   580    65   170   645   110   360   550   175   165   160   205   500   380   475   665    80   495   210   725   360   230    70    40   255   300   625   745   660   115   400   445   630   730    20   800   780   145   700   235   770   570   710   565   700    55   245   405   195     0   695   770    20   760   740   490   395   360   320   125   700   390   690   585   435   505   220   475   695   745   765    55   760   400    55   125   240   135   590   705   685   540   640    85   420    50   655   280   665   580   270   170   275   370   425   325   605    25   300   150   300   265
   135   500   255   415   245   560   785    75    95   305   540    25   640   700   355   245    95   625   160   230   355   640   350   260    40   425   455   590   775   160    10   340   190   395   520   750   495   210   690   260   325   460    70   150   125   680    90   235   325   145   275   300   550   535   690   320   460   695     0    15   550   540   670   350   510   535   285   255   555    25   755   505   110   755   375   750   780   230   435    15   130   285   620   260   445   305   605   790   360    60    85   270   235   735   405   465    45   215   630   435   755   435   335   775   480   755   610    90   230   175
    65   180   395   200   530   730   500    50   125   475    70   800   800    10   265   590    70   680   555   675   530   705   440   395   700   155   285   495   370   410   295   285   565   425   275   215   750   635   600   520   250   680   365   445   100   665   720   705   150   700   765   495   410   455   655   770   500   770    15     0   335   405   675   625   470   420   240   555   505   625   695    25   495   160   695   745   680    35   425   295    60   200    50   190   750   650    35   775   745    40   265   575    30   195   250   670   420    95   115   325   130   760   105   185    25   715   580   165   275   480
   510   140    45   780   505   490   760    40    50   265    50   600   170   580   755   225   125   370   600   645   360   540   285   615   525   610   250   605   400    20   335   560   420   360   525    30   530   585   320   490    25   785   155   475   160   165   510   130   315   130   250   250   495   190   665    95   365    20   550   335     0   490    55   145   140   690   465   165   545    80     5   450   290   350   220   405   215     5   745   400   180   710   100   430   140   775   760   395   135   570   610   385   670   670   460   630   385   625   720   770   110   505   600   155   360   235   350   545   205   700
   445    15    80   735   570   440   300   550   165   695   560   790   265   705   575   495   645   545   435   300   685    60   800   595   490   495    10   230    20   665   335   295   230   115    40   375   200   660   415    75   570   640    65   400   210   395   485   580   710   730   750    75   670   715   350   450   605   760   540   405   490     0   430   730   375   300   555   610   730    50   630   135   670   105   395   675   465   225   290   430   755   230   515    35   610   150   410   475   195   390   740   295    55   490   140   510   290   555    45   265   495   790   365   205    30   455    40   755   365   700
   620   415   195   525   225   605   185   385   695   685     5   765   610   310   755   240   775   640   425   295   570   100   295   510   340   125   535   165   155   165   375   260    25   525   695   470    40   750   470   295   675   445   265   375   585   430   375   645   480   190   130   535    10   370   435   375   455   740   670   675    55   430     0   745   550   290   645   465   545   470   730   720   370   150   265    20    10   645   195   635   640   165   395   685   505   175   780   430   670   655   445   345   235   645   795   410   155   435   200   315   170   630   380   380   575   105   765   590   495   450
    45     5   630    90   800   705   455   745   620   440   130   380   610   200   425   415   160   190   330   220   345   345   775   200   405   365   710   525   720   345   375   545   125   540    85   585    30   155   410   755    40   700   185   125   180   160   415   595   505   550   765    25   420   485   735   130   625   490   350   625   145   730   745     0   185   710   415   335   625   560   795   475   130   105   140    55   305   585   315    30     5   525   605    55   275   400   250   540   650   545   745   515   460   795    45    70   770   325   550   325   800   675   200   335   300   635    30   640    30    15
    40   445   700   415   245   720   450   330   750    35   220   795   770    90    20   595   625   605   450   210   500   630    20   590   135   550   340   745   315   590   440   470   630   600   760   270   575   425   590   740   200   215   270   210   480   735   440   635   770   515   705   310   310   255   480   425   590   395   510   470   140   375   550   185     0   360   675   640   750   165   695   205    50   775    55   185    30   105   545    25   685   230   340   525   740   235   775   625    70   145   155    80   730    40   730   100   285   190   450   460   245   620    15   215   750   675    20   775   320   415
   470   445   500   385   405   685   225   700    65   430   255   685   460   680   660   600    25   740   585   800   515   475   625   275    75   230   690   645    85   425   430   195   420   245   305    55   195   225   585   210   765   755   445   580   140   230   555   560   195   130   410    60    50   110    10   260   775   360   535   420   690   300   290   710   360     0   590   445   790   430   515   270   790   710    90   500   700   475   615   600   105   510   725   270   395   185   615   325   770   490   285   170    65   470   215   470    30   720   145   580    95   385   595   430   510   770   195   505   600   685
   610    60   270    55   110   550   700   570    60   665   575   250   490   530   230   325    95   800   235    40   715   380   355   245   550   500   760   285   280   220   410   300   335   645   110   715   120   330   160   215    90   795   775   800   465   765   455   625   255   235    15   235   575   745   220   630   615   320   285   240   465   555   645   415   675   590     0   540   780     5    65   455   270   490   100   470   695   105   295    75   150   495   745   595     5   365   445   290    25   540   545   305   350   430    45   190   345   115   795   680   745   700   320   305    25   620   285   160   555   170
   150   320   220   315   720   330   680   755   785   455   460   765   295   625   695   130   150   710   630   545   795    30   505   105   115   755   305   220   145   615   625   165    90   240   255   665    40   195   365   625   770   735   185   445   370   550   165   295   230   160   625   175   625   770   110    55   455   125   255   555   165   610   465   335   640   445   540     0    90   755   685   695   105   185   680   650   225   250   305   335    55   760   635   525   785   105   415   430   110   520   330   555   560   245   670   620   790   490   295   125   785   570   615   145   195   725   590   700   215   685
   430   620    30   645   195    40   520   385   420   180   415    95   275   290   690    20   745   405    65   405   585   145   255    10   425   455   165   600   200   765   235   210   510   220   720   300   650   290   415   325   280    30   325   515   710   495   305   730   735   750   290   580   575   795   570   500   480   700   555   505   545   730   545   625   750   790   780    90     0   665   705    45   205   685   765   110   245    45   440   350   160   165    75     5   150   525   480   755   515   360   305    10   175   355   275   115    75     5   640   235   570   355   240   210   225    60   635   245    45   270
   460   460   700   630    55   195   580   350   635   260   465    95   480   150   445    85   440     5   380    95   405   750   740   740     5   555   145   580   515    95   445   680   105   220   625   615   675   135   120   710   705   470   795   545    10   440   505   445   650   435   680   565   100   180    35   510   475   390    25   625    80    50   470   560   165   430     5   755   665     0   690   125   250   425   435   640    50   675   745   610    95   105   245   305   525   680   625   560   385   315   440   480    50   740   390    60   275   435   485   625   530   525   465   230   625   420   380   100   675   125
   485   325   200   100   295    15   215   410   250    55     5     5   425    10   370   750    25    15   320   370    40   475   180   730   345   785   250   690   785    20   460   345   465   615   155   350   185     5   630   365   225   340   370   765   295   625   415   690   785   765   350   575   260   295   350    65   770   690   755   695     5   630   730   795   695   515    65   685   705   690     0   615    40   615   285   370    40   235   600   745   605   120   280   720   115   685   385   745   435   425   675   145   225   130   630   495   505   590    95   780   100   725    65   700   485   680   575   770   155    65
    35   420   790   330   795   310   100   420    95   300   285   245   390    70   685   495   705    80   730   575    90   410   300   310   180   720   685   740   740   340   165   530   150   255   140   415   600   330   135   400   575    40   790   295   135   190   105   770   140   175   485   290   695   575   545   680   355   585   505    25   450   135   720   475   205   270   455   695    45   125   615     0    70   770   775   750   550   115   520   330   565   180   800    85   655   550   320   715   310   360   700   710   170   640   555   500   325   120    40   200   140   210   770   490   490   205   630    10   100   515
   220   315   105   640   170   730   125   380   390   210   440   300   525   265   280   510   765   630   345   770   690   175   250   565   530   520   425   220    45    55   445   430   400   290   715   450   230   225   400   300    40   745   400   380    65    95   665   645   645   520   305   440   545    25   445   690   555   435   110   495   290   670   370   130    50   790   270   105   205   250    40    70     0   725   310   615   715    65   285   775   450   680   685   580   760   560    55   235   160   130   240   210   175   425   260   230    65   710   115   535     5   715   400   750    15   560   625   525   445   415
   145    55   430   205   235   245   535   770   335   210    75   100    35   245   195    10   390   445   760   425   735   765    35   540   405   790   665   555   725   105   175   750   270   545   620   200   275   145   210   310    90   605   795   105   725   285   675   335   295   630   580   290   195   480   145   610   190   505   755   160   350   105   150   105   775   710   490   185   685   425   615   770   725     0   325   435   220   125   710   155   350   295   705   645     5   475   330    25   350   335   710   185   780   410   660   165   155   715   590   605   325   580   335   790   435   340    60   680   530   295
   425   625   305   470   405   695   270   685   735   380   220   570   155   410    45   175   350   580   325   750   540   290   485   105   485   135    90   495   155    75   440   270   170    30   635   105   265   470   500   370   690    50   435    65   345    80   260   485   450   325   255   755    25   280    70   755   620   220   375   695   220   395   265   140    55    90   100   680   765   435   285   775   310   325     0   560   220   120   245    90   790   650   375   305   555    85    25   160   215   790   170    45    70   290   670    25   110   150   765   800   765   770   185   210   310   705   770   505   225    75
   590   615   630    30   505   120   495   245   130    80   475   770   745   310   110    65   500   185   195   795   370   370   670   165   165   410   495    60   795   190    60   290    85   125   175   490    55   580   370   575   340   580   110   440   440   305   130   420   235   670   760   360   215   360   150   520   130   475   750   745   405   675    20    55   185   500   470   650   110   640   370   750   615   435   560     0   165   595   550   425   670   375   260   470   515    15    30    45    55    60   775    70   365   765   410   170   800   780   540    65   170    40   405   765   465   355   485   175   540   260
   735   455   735   550   315   250   625   580   165    55     5   260   470   750   465   130   185    15   700   375   770   665   475   725   110   505   455   155   265   170   690   600   125   340   155   495    65   580   205   585   455   230   275   540    70   785   690   490   575   135   680    90   600   120   300   800    65   695   780   680   215   465    10   305    30   700   695   225   245    50    40   550   715   220   220   165     0   510   285   125    70   595   670   295   105    60   715   190   615   390   640   250   410   650   605   690   445   640   760   600    50   155   600    90   785   620   800   255   590   655
    25   495   290   665   545   335   590   685   125   655    25   635    15   130   725    75   565   100   400   295    65   635   295   715    20   645   210   270   185   490   170   695   700   175   520   190   400   410   430   270   590   775   585   675   475   495   255   145   265   165   625   695   345   145   745   590   250   745   230    35     5   225   645   585   105   475   105   250    45   675   235   115    65   125   120   595   510     0   335   360   465   615   500   255   645   615   200   410   120   105   530    60   165   685   480   545   775   645   605   640   220   335   220   175   230   550   350   450   165   490
   660   475   730   560   105   170   590   250   770    55   305   540   235   625   620   110   785   510   340    75   310   355   115   305   755   335     5   250   755   320   195    20   580   610    90   690   305   265    75   375   770   120   335   480   330   465   220   415   545   280   240    30   765   470   560    50   260   765   435   425   745   290   195   315   545   615   295   305   440   745   600   520   285   710   245   550   285   335     0   635    50   795   500   780   685    35   360   260   125   700   285   320   730   320   380   720   555   530   620   650   255    10   735    80   695   770   695   540   445   365
   680   495   100   285    60   615    50   130   600   240   135    90    40   145   565    60   135    15   445   680    15   500    95   205   560    45   230   340   650   585   305   680     5   515   405    95   335   365   450   305    50   480   740    50   495   360   690   400   670   200   700   180    70   340   135    10   145    55    15   295   400   430   635    30    25   600    75   335   350   610   745   330   775   155    90   425   125   360   635     0   265    75   270   680    70   115   230   665   445   260   625   705   460   450   570   270   755    95   640   265    95   440   525   495   605   135   620   620   685   435
   380   195    30   395    40   195   185    65   170   635   245   580   640   645   340   220   505   755   200   335   475   765   785   485   445   420   660    75   740   770   230   650   650   675   550   710   500   240   685    55   100   375    60   595    35   360   645   680    35   280   305   115    15   245   620   665   200   760   130    60   180   755   640     5   685   105   150    55   160    95   605   565   450   350   790   670    70   465    50   265     0   480   215   400   795   110   265    15   650   585   645   325   660   555   735   515   530    15   695   155   215   145   435   415   565   630   205   735   265   145
   300   635   725   230   445   710   375   600   535   370   220   710   570   450   770    35   515   800   210   610   455   535   435   505   240   110   720   450   575   605   605   435   200   170   130   315   535   550   585   790   105   330   305   125    40   330   210   460   775   790   640   245   495   365   335   270   795   400   285   200   710   230   165   525   230   510   495   760   165   105   120   180   680   295   650   375   595   615   795    75   480     0   185   115   460   515   200   475   290   580   270   385   180   340   500    75   120   120    75   545   445   645   325   460   220   490   735   460   790    15
    65   565   745   215   715   240   720   430   180   730   250     5   430   380   605   600   510   305   170   445    10   215    70    20    35   295   800   535   705    65   260   350   710   355   300   240   510   740   435   480   645   705   455    70   370   720   720   145   110   500   655   205   175   325   570   220   490    55   620    50   100   515   395   605   340   725   745   635    75   245   280   800   685   705   375   260   670   500   500   270   215   185     0   370   405   575   555   795   220   445    50   205   435   395   245   115   275   675   505   200   385   795   585    25   445   515   305   205   450   605
   140   595   475   615   470   155   440   365   360   445   470    85   470   290   295   760   790   720   465   385   475   580   205   660   685   560    10    95   695   695    90   485   675   590   650   605   275   235   540   365   130   180   610    40   660   335   105   105   110   480   800   585   605   715   270    90   390   125   260   190   430    35   685    55   525   270   595   525     5   305   720    85   580   645   305   470   295   255   780   680   400   115   370     0    80   335   400   690   480   515    50   390   105   540   615   100   575   550    30   745   430   165   460   555   215   350   630   740   320   315
   540   115    50   470   430   580    50   635   755   345   435   300   170   300   445   180   310   475   670   215   290   450   170   415   480   105   590   255   290   295   645   270   285    85   730   215   600   385   690   780   425   435   590    65   560   545   690   530   525   465    40   515   570   340   445   150   200   240   445   750   140   610   505   275   740   395     5   785   150   525   115   655   760     5   555   515   105   645   685    70   795   460   405    80     0   535   765   735   295   455   645   720   740   335   165   165     5   790   740   625   640   445   570    55    50   490   200     5   615   345
   475     5   710   435   520   770   640   180   470   320   635   735   335   310   180   485   210   670   685   110    25   780   255   730    15   630    70   785   110   640   205   625   255   360   130   425   560   315   445   555   570   760   305   175   440    30   660   175   265   325   190   785   330   595   800   310   780   135   305   650   775   150   175   400   235   185   365   105   525   680   685   550   560   475    85    15    60   615    35   115   110   515   575   335   535     0   795    60   100   775   705   195   415    65   510   495   545   675   615    45    70   435   260   200    20   140   765   275   400   300
   535   595   680   795   330   725   620   250   120    55   300   800   415   210   205   350   370   390   520    65   785   245   725    95   750    45   510   710   645   630   405    80   125   395   595   185   470   260   730   395   795   525   725   315   165   145   365   360   785   440   345   265   195   215   535   670   575   590   605    35   760   410   780   250   775   615   445   415   480   625   385   320    55   330    25    30   715   200   360   230   265   200   555   400   765   795     0   530   375   715   210   545   425    40   545   240    85   375   550   625   665   345   405   510   585   335   290   260   370   535
   365   650   455   620   210   565   410   590   505   575   605   140   675   780   590   140    95    50   790   680   110   400   420   760    10   655   645    20   545   270    35   365   315   560   445    50   710   325   450   290   490    30   155   235   515    80   105   600   535   625   680   340   425   200   715   610   560   705   790   775   395   475   430   540   625   325   290   430   755   560   745   715   235    25   160    45   190   410   260   665    15   475   795   690   735    60   530     0   520   280   475   680   145   240    40   640   640   320   260   795   445    15   690   480   690   625    85   320   785   410
   635   455   370   470   490   655    25   370   150   580   525   140   530   530   255   160   290   370   785   270   445   230   130   745   515   695   665   695   350   760   500   610   245   745   155   665   770   705   690   350   235   315   715   120    40   105    70   535   735   380   310   385   635   135   290   790   140   685   360   745   135   195   670   650    70   770    25   110   515   385   435   310   160   350   215    55   615   120   125   445   650   290   220   480   295   100   375   520     0   315   445   785   360   695   115    80   280    60   440   775   225    65   120   135   435   380   215   540   100   205
   365    45    55   635   510   695   785   325    70   595   445    85   385   405   340   155   630   255   550   540   695    60   115    80   635   160   455   200   760   665   310   505   660   125   555    95   690   765   365   165   445   700   210   510   580   155   140   240   120    75   100   730   620   490   350   570   380   540    60    40   570   390   655   545   145   490   540   520   360   315   425   360   130   335   790    60   390   105   700   260   585   580   445   515   455   775   715   280   315     0   475   285   420   270    20   325   405   105   495   775    75   250   425   360   755   580   595   515    30   515
   720   260   310   440   610   715   195   205   175   555   685   485   685   160   600   745   245   730   630    85   550    90    55   335   425   490   210   350   765   505   250     5   225    45   240   435   260     5   130   440   435   315   335    95   340   375   585   620    85   750   735   460   300   495   590   280   645   640    85   265   610   740   445   745   155   285   545   330   305   440   675   700   240   710   170   775   640   530   285   625   645   270    50    50   645   705   210   475   445   475     0   255    85    65   725   205   400   315   215   215   560    50   635   235   675   390   190   180   255   800
    60   750   595    65   190   185   725   465   425   210   345   330   390    85   285   395   585   720   280   470    30    65   685   260   235   800   630   110    30   240   270    15   685   490   510   500   535   485   190   770   725   600     5   590   415   140   390   285   755    35   150   340   350   745   800   435    90    85   270   575   385   295   345   515    80   170   305   555    10   480   145   710   210   185    45    70   250    60   320   705   325   385   205   390   720   195   545   680   785   285   255     0   155   685   680   425   535   300   255   650    85   175   360   310   620   380   640    20   800   230
   510   685   420   380   235   505   360   650   535    10   460   205   220   715   360   640   520   525   625    95   355   800   780   680   505    35   140   175   225   495   750   370   160   195   190     5   725   630   490   150    60   595   440   715   730   420   410    75   590   520   475   365   790   770   385   600   640   420   235    30   670    55   235   460   730    65   350   560   175    50   225   170   175   780    70   365   410   165   730   460   660   180   435   105   740   415   425   145   360   420    85   155     0   615    30   700   595    90   695   660     5   530   510   170   350   750   370    90   545   780
   650   550   400   680    20   200    55    45   370   285   615   165   585   295    30   150   675   200    40   200   355   480   745   760   345   115   220   620    55   795   375   180   285   450   395   135   550   515   350   620   790   185   280   355   600   545   740   585    20   590   650   765   720   645   270   745   695    50   735   195   670   490   645   795    40   470   430   245   355   740   130   640   425   410   290   765   650   685   320   450   555   340   395   540   335    65    40   240   695   270    65   685   615     0   350   195   710   765   315   615    85   180    85    20   415   210    30   600   435   710
   260   135   665   325   235   355    80   120   175   720   435   155   780   365   585   185   420   190   285   335   615   635   330   585   440   180     5    70   665   280     5   300   280   545   610    10   800    95   490   670   725   740   520   330   770   700   175   575    90    75   210   470   590   495   485   105    80   655   405   250   460   140   795    45   730   215    45   670   275   390   630   555   260   660   670   410   605   480   380   570   735   500   245   615   165   510   545    40   115    20   725   680    30   350     0   450   775   605   760   595   215    70   550   650   125   255   390   565   480    45
   430   545    15   190   285   630   295   395   180   595   790   710   305    55   500   680   310   440   290   575   800   690   725   550   155   470   320   325   320   195   585   355   470   375   500   605   400   570   190   730   755   140   750   335   610   610   110    65    90   630   790   315   180   715   620   180    55   280   465   670   630   510   410    70   100   470   190   620   115    60   495   500   230   165    25   170   690   545   720   270   515    75   115   100   165   495   240   640    80   325   205   425   700   195   450     0   780   460   460   465   485   110    30   335   220   555   790   200   615   535
   695    65   215   435   520   575   415   715   715   240    85   510   195   685   105   400   500   315   105   700   210   665   390   515   600   540    25   475   465     5   320    50   370   530   200   565   220    80   750   505   540   665   475   705   355   790   355   590   230   740   355   450    60   420   310   265    50   665    45   420   385   290   155   770   285    30   345   790    75   275   505   325    65   155   110   800   445   775   555   755   530   120   275   575     5   545    85   640   280   405   400   535   595   710   775   780     0   430   725   535   435    75    25   770   590   715   720   640   430   275
   430   450   115   300   490   200   305   255   245   150   245   500   195   225   175   790   485   605   790   655   710   750   380   255   175   580   685   160   275   730    20   295    35   650   525   290   555   470   565   475   585   330   210   425   365   180   180    70   695   455   185   790    75   375   165   275   365   580   215    95   625   555   435   325   190   720   115   490     5   435   590   120   710   715   150   780   640   645   530    95    15   120   675   550   790   675   375   320    60   105   315   300    90   765   605   460   430     0   225   380    10   340   575   330   485   475   785   225    35   700
   635   370    30   610   605   595     5   230   205   135   305   530    20   730   250   140   430   315   335   190    40    30   135   590    85   405   165   560   780   505   515   305   305   690   265   540   800   680   545   620    75   620   720   105   410   140   190   715    90   365   150   630   210   200   310   695   705   270   630   115   720    45   200   550   450   145   795   295   640   485    95    40   115   590   765   540   760   605   620   640   695    75   505    30   740   615   550   260   440   495   215   255   695   315   760   460   725   225     0   715   300   120   140   135   480   685    40   475   200   175
   470   535   235   620   710   730   575    55   720    65   380   145   790    50    25   765   585   215   330   280   270   115    70   130   720   520   690   475   485   630   355   245   440   570   100    75   170   185   315   220   110   275    15   170   190   740   225   715   460   635   560    75   125   610    55   545   280   170   435   325   770   265   315   325   460   580   680   125   235   625   780   200   535   605   800    65   600   640   650   265   155   545   200   745   625    45   625   795   775   775   215   650   660   615   595   465   535   380   715     0   585   150    90   365   155   300   150   710   175   435
   710   350   720   280   720   675   280    50   100   350   180   505   645   495   165   310   305   280   630   770   585   585   510   610   660    30    45   375   535   600   475   735    55   215   530   660   335   160   520    10   650   715   185   135   355   720   115   460   740   230   705   305   295   480   350    15   350   275   755   130   110   495   170   800   245    95   745   785   570   530   100   140     5   325   765   170    50   220   255    95   215   445   385   430   640    70   665   445   225    75   560    85     5    85   215   485   435    10   300   585     0   135   360   660   380   705   530   440   415   345
   355    25   135   775    65   780   530   465   535   220   260   705   455   455    55   360   100   750   350   245   400   700   250    75   710   160   180   195   695   495   495   385   175   240   760   340   130    35   360   215   680   685   575   285   120   305   145   680   785   795   620   620   545     5   555   415   105   370   435   760   505   790   630   675   620   385   700   570   355   525   725   210   715   580   770    40   155   335    10   440   145   645   795   165   445   435   345    15    65   250    50   175   530   180    70   110    75   340   120   150   135     0   650   515   150   800   395   410   615   540
    75   355   795   285   425   115   140   670   265   190   185   145   315   535     5   290   295   300   465   125   440   300   375   775    75   600    40   335   340   150   365   145   620   150   675    85   200   665   795   430    85   110    80   295   420   110   300   105   725   790   210   160    85   525   410   410   525   425   335   105   600   365   380   200    15   595   320   615   240   465    65   770   400   335   185   405   600   220   735   525   435   325   585   460   570   260   405   690   120   425   635   360   510    85   550    30    25   575   140    90   360   650     0   585   180   310   280   675   785   230
   745   375   110   155    40   690   500   280   265   120    20   520   525   270   510   120   650   390   525   600   180   175   170   490   565   250   605   620    60   675    40   240   505   480   120    80   315    25    75   185   605   550   575   445   325   115   790   165    45   430   790   285   710   765   575   320   430   325   775   185   155   205   380   335   215   430   305   145   210   230   700   490   750   790   210   765    90   175    80   495   415   460    25   555    55   200   510   480   135   360   235   310   170    20   650   335   770   330   135   365   660   515   585     0   785   485   150   375   100   560
   335    10   375    75   640   610   340   280   665   380    15   710   795    35   645   655   720   195    30   230   100   465     5   720   140   600   560    30   700   575   580   665   650   625   550    90   275   295   375   730   260   120   195   110    45    10   690    40   330   720    40   175   375   400   245   740   585   605   480    25   360    30   575   300   750   510    25   195   225   625   485   490    15   435   310   465   785   230   695   605   565   220   445   215    50    20   585   690   435   755   675   620   350   415   125   220   590   485   480   155   380   150   180   785     0   610   385   550   575   175
   425   475   300   255   255   610   545    35   445   585   630   205   575   230   320   150   280   425   325   265   390    25   640   160   670   685   740   490   560   525   595   495    20    80   535   495   745   140   555    95   195   330   335   570   295   650   590   555   250   190   280     5   430   485   565   795   110    25   755   715   235   455   105   635   675   770   620   725    60   420   680   205   560   340   705   355   620   550   770   135   630   490   515   350   490   140   335   625   380   580   390   380   750   210   255   555   715   475   685   300   705   800   310   485   610     0   115   385   800   705
   555   245   530   770   190   370   145   315   520   315    15   470    85   745   215   670    15   170   770     5   700    35   295   795   585    80   730    65   675   495   325   535    10   330   410   165   365   405   755   215   675   440   235   285    80   660   475   235   340   385   540   155    65   575   735   445   720   300   610   580   350    40   765    30    20   195   285   590   635   380   575   630   625    60   770   485   800   350   695   620   205   735   305   630   200   765   290    85   215   595   190   640   370    30   390   790   720   785    40   150   530   395   280   150   385   115     0    35   760   715
    45   665   700   515   215   310   710   695   680   125   725   390   360   640   230   330    25   240   480   455   515   750    15   195   625   480   645   335   545   700    45   495   320   505   350   340   425   400   510   385   340   445   125   520   490   735   195   600   735   730    50   365   115    55   565   460   370   150    90   165   545   755   590   640   775   505   160   700   245   100   770    10   525   680   505   175   255   450   540   620   735   460   205   740     5   275   260   320   540   515   180    20    90   600   565   200   640   225   475   710   440   410   675   375   550   385    35     0   170   790
   275   735   240   170   115    90   130    25   480   115   160   675   555   265   575   340   680   430   750   360   360   325   575   180   615   580   800   790   565   635   760   210   170   615   310   650   405   695   495   530   530   620   250   345   180   280   195   430   230   535    45   550    30   150   110   190    85   300   230   275   205   365   495    30   320   600   555   215    45   675   155   100   445   530   225   540   590   165   445   685   265   790   450   320   615   400   370   785   100    30   255   800   545   435   480   615   430    35   200   175   415   615   785   100   575   800   760   170     0   205
   635   215   220   270   160   365    80   140   265   725   490    45   270   590   160   430   755   410   750   130   110   630   175   325    50   455   645   675   720   580   705   700   475   415   675   265   650   460   515   670    30   595   510   610   465   370    20   265   460   350   455   375   220   705   535   640   325   265   175   480   700   700   450    15   415   685   170   685   270   125    65   515   415   295    75   260   655   490   365   435   145    15   605   315   345   300   535   410   205   515   800   230   780   710    45   535   275   700   175   435   345   540   230   560   175   705   715   790   205     0
